country,iso3,year,renewables,nuclear,hydro,fossil
Albania,ALB,1971,0,0,57.142857,42.857143
Albania,ALB,1972,0,0,62.068966,37.931034
Albania,ALB,1973,0,0,66.21622,33.783783
Albania,ALB,1974,0,0,68.42105,31.578947
Albania,ALB,1975,0,0,71.91011,28.089888
Albania,ALB,1976,0,0,74.5098,25.490196
Albania,ALB,1977,0,0,76.521736,23.47826
Albania,ALB,1978,0,0,77.41936,22.580645
Albania,ALB,1979,0,0,78.832115,21.167883
Albania,ALB,1980,0,0,79.40781,20.592194
Albania,ALB,1981,0,0,81.333336,18.666666
Albania,ALB,1982,0,0,83.00133,16.998672
Albania,ALB,1983,0,0,84.65608,15.343915
Albania,ALB,1984,0,0,73.68846,26.311543
Albania,ALB,1985,0,0,67.68351,32.31649
Albania,ALB,1986,0,0,79.53388,20.466118
Albania,ALB,1987,0,0,76.222984,23.77702
Albania,ALB,1988,0,0,73.77008,26.22992
Albania,ALB,1989,0,0,74.65438,25.345623
Albania,ALB,1990,0,0,86.40777,13.592233
Albania,ALB,1991,0,0,92.14249,7.8575172
Albania,ALB,1992,0,0,95.05009,4.9499116
Albania,ALB,1993,0,0,93.90762,6.0923777
Albania,ALB,1994,0,0,95.68637,4.313626
Albania,ALB,1995,0,0,93.98614,6.013861
Albania,ALB,1996,0,0,95.7205,4.2795053
Albania,ALB,1997,0,0,96.174446,3.8255546
Albania,ALB,1998,0,0,96.32022,3.6797807
Albania,ALB,1999,0,0,97.329155,2.6708417
Albania,ALB,2000,0,0,96.14902,3.8509836
Albania,ALB,2001,0,0,95.30831,4.691689
Albania,ALB,2002,0,0,93.95399,6.046014
Albania,ALB,2003,0,0,97.85657,2.1434295
Albania,ALB,2004,0,0,97.50268,2.4973242
Albania,ALB,2005,0,0,98.71394,1.2860554
Albania,ALB,2006,0,0,98.31644,1.6835626
Albania,ALB,2007,0,0,97.48252,2.5174825
Albania,ALB,2008,0,0,100,0
Albania,ALB,2009,0,0,99.980774,0.019223375
Albania,ALB,2010,0,0,99.986786,0.013213531
Albania,ALB,2011,0,0,98.592224,1.4077786
Albania,ALB,2012,0,0,100,0
Albania,ALB,2013,0,0,100,0
Albania,ALB,2014,0,0,100,0
Albania,ALB,2015,0,,100,0
Algeria,DZA,1971,0,0,14.804845,85.19515
Algeria,DZA,1972,0,0,20.320196,79.6798
Algeria,DZA,1973,0,0,26.799715,73.20029
Algeria,DZA,1974,0,0,16.199478,83.80052
Algeria,DZA,1975,0,0,9.035812,90.96419
Algeria,DZA,1976,0,0,9.18536,90.81464
Algeria,DZA,1977,0,0,5.802416,94.197586
Algeria,DZA,1978,0,0,4.5620437,95.43796
Algeria,DZA,1979,0,0,4.526365,95.47363
Algeria,DZA,1980,0,0,3.6080303,96.39197
Algeria,DZA,1981,0,0,4.49521,95.50479
Algeria,DZA,1982,0,0,5.097914,94.902084
Algeria,DZA,1983,0,0,2.299863,97.700134
Algeria,DZA,1984,0,0,4.0422106,95.95779
Algeria,DZA,1985,0,0,5.263158,94.73684
Algeria,DZA,1986,0,0,1.9258916,98.07411
Algeria,DZA,1987,0,0,3.9223392,96.07766
Algeria,DZA,1988,0,0,1.310325,98.689674
Algeria,DZA,1989,0,0,1.4748107,98.52519
Algeria,DZA,1990,0,0,0.83830106,99.1617
Algeria,DZA,1991,0,0,1.6892476,98.31075
Algeria,DZA,1992,0,0,1.0882642,98.911736
Algeria,DZA,1993,0,0,1.8182755,98.181725
Algeria,DZA,1994,0,0,0.83488405,99.165115
Algeria,DZA,1995,0,0,0.97895,99.02105
Algeria,DZA,1996,0,0,0.65362644,99.346375
Algeria,DZA,1997,0,0,0.3488859,99.651115
Algeria,DZA,1998,0,0,0.9242541,99.075745
Algeria,DZA,1999,0,0,0.81997013,99.18003
Algeria,DZA,2000,0,0,0.21249804,99.7875
Algeria,DZA,2001,0,0,0.25915492,99.740845
Algeria,DZA,2002,0,0,0.2061632,99.79384
Algeria,DZA,2003,0,0,0.89614826,99.10385
Algeria,DZA,2004,0,0,0.8032,99.1968
Algeria,DZA,2005,0,0,1.6364441,98.363556
Algeria,DZA,2006,0,0,0.6188611,99.38114
Algeria,DZA,2007,0,0,0.6075922,99.39241
Algeria,DZA,2008,0,0,0.70335025,99.296646
Algeria,DZA,2009,0,0,0.79478455,99.205215
Algeria,DZA,2010,0,0,0.38046092,99.61954
Algeria,DZA,2011,0,0,0.9800094,99.01999
Algeria,DZA,2012,0,0,1.0836804,98.91632
Algeria,DZA,2013,0,0,0.5510102,99.44899
Algeria,DZA,2014,0,0,0.39537996,99.60462
Algeria,DZA,2015,0.11192186,,0.21076193,99.677315
Angola,AGO,1971,0,0,81.536385,18.463612
Angola,AGO,1972,0,0,81.145584,18.854416
Angola,AGO,1973,0,0,82.72358,17.276423
Angola,AGO,1974,0,0,69.81286,30.187143
Angola,AGO,1975,0,0,72.796936,27.203066
Angola,AGO,1976,0,0,73.16239,26.837606
Angola,AGO,1977,0,0,73.16239,26.837606
Angola,AGO,1978,0,0,90.25641,9.743589
Angola,AGO,1979,0,0,88.09524,11.904762
Angola,AGO,1980,0,0,88.14815,11.851851
Angola,AGO,1981,0,0,88.14815,11.851851
Angola,AGO,1982,0,0,87.638885,12.361111
Angola,AGO,1983,0,0,73.81865,26.181355
Angola,AGO,1984,0,0,89.70149,10.298508
Angola,AGO,1985,0,0,86.9727,13.027295
Angola,AGO,1986,0,0,86.9727,13.027295
Angola,AGO,1987,0,0,86.54321,13.45679
Angola,AGO,1988,0,0,86.01227,13.98773
Angola,AGO,1989,0,0,86.691086,13.308913
Angola,AGO,1990,0,0,86.206894,13.793103
Angola,AGO,1991,0,0,82.65524,17.344753
Angola,AGO,1992,0,0,88.701164,11.298839
Angola,AGO,1993,0,0,93.68421,6.3157897
Angola,AGO,1994,0,0,93.71728,6.2827225
Angola,AGO,1995,0,0,93.75,6.25
Angola,AGO,1996,0,0,89.980545,10.019455
Angola,AGO,1997,0,0,76.35253,23.647469
Angola,AGO,1998,0,0,80.42489,19.575113
Angola,AGO,1999,0,0,66.96629,33.033707
Angola,AGO,2000,0,0,63.114185,36.885815
Angola,AGO,2001,0,0,62.087914,37.912086
Angola,AGO,2002,0,0,64.75921,35.24079
Angola,AGO,2003,0,0,62.205513,37.794487
Angola,AGO,2004,0,0,78.40502,21.594982
Angola,AGO,2005,0,0,79.64824,20.351759
Angola,AGO,2006,0,0,80.61101,19.38899
Angola,AGO,2007,0,0,77.6189,22.3811
Angola,AGO,2008,0,0,75.40905,24.590952
Angola,AGO,2009,0,0,65.343185,34.65681
Angola,AGO,2010,0,0,67.95742,32.042576
Angola,AGO,2011,0,0,70.90781,29.092196
Angola,AGO,2012,0,0,60.799484,39.200516
Angola,AGO,2013,0,0,58.020935,41.979065
Angola,AGO,2014,0,0,53.175106,46.824894
Angola,AGO,2015,0,,53.174927,46.825073
Argentina,ARG,1971,0.24128005,0,6.5357265,93.22299
Argentina,ARG,1972,0.29242077,0,5.9432545,93.76433
Argentina,ARG,1973,0.21379544,0,11.229886,88.55632
Argentina,ARG,1974,0.20751342,3.706619,17.989267,78.0966
Argentina,ARG,1975,0.21129401,8.577855,17.72484,73.48601
Argentina,ARG,1976,0.18864179,8.512047,16.590548,74.70876
Argentina,ARG,1977,0.1881961,5.0504427,17.789158,76.972206
Argentina,ARG,1978,0.182449,8.661841,23.185978,67.969734
Argentina,ARG,1979,0.24707101,7.151776,28.320183,64.28097
Argentina,ARG,1980,0.24177706,5.893316,38.14033,55.724575
Argentina,ARG,1981,0.21627745,7.250444,37.809933,54.723347
Argentina,ARG,1982,0.27327883,4.6883616,44.108208,50.93015
Argentina,ARG,1983,0.34881288,7.918052,42.831894,48.90124
Argentina,ARG,1984,0.21127073,10.321132,44.21118,45.256416
Argentina,ARG,1985,0.25626865,12.738318,45.6114,41.394012
Argentina,ARG,1986,0.21835397,11.654388,42.872887,45.25437
Argentina,ARG,1987,0.20753665,12.423375,41.970444,45.398643
Argentina,ARG,1988,0.23159668,11.0975,28.773495,59.897408
Argentina,ARG,1989,0.23559225,9.976045,25.667677,64.12069
Argentina,ARG,1990,0.210879,14.349626,35.230587,50.208908
Argentina,ARG,1991,0.18648714,14.463943,30.25008,55.09949
Argentina,ARG,1992,0.18253073,12.67157,34.687996,52.4579
Argentina,ARG,1993,0.173769,12.586073,38.76023,48.479927
Argentina,ARG,1994,0.18602632,12.766056,42.41555,44.632366
Argentina,ARG,1995,0.17458779,10.543908,40.038795,49.242706
Argentina,ARG,1996,0.52090806,10.703728,32.878914,55.89645
Argentina,ARG,1997,0.6376387,11.01137,38.749344,49.60165
Argentina,ARG,1998,0.67286384,10.069988,35.717182,53.539967
Argentina,ARG,1999,0.70960766,8.83095,26.58481,63.87463
Argentina,ARG,2000,0.7963109,6.947475,32.363064,59.89315
Argentina,ARG,2001,0.74571383,7.833324,41.08417,50.336792
Argentina,ARG,2002,1.1142292,6.892591,42.449646,49.543533
Argentina,ARG,2003,1.2104748,8.221232,36.74128,53.82701
Argentina,ARG,2004,1.2449459,7.8560376,30.389856,60.50916
Argentina,ARG,2005,1.2911054,6.515248,32.234028,59.959618
Argentina,ARG,2006,1.6169329,7.1966615,35.510765,55.67564
Argentina,ARG,2007,1.5714751,6.718801,28.270725,63.439
Argentina,ARG,2008,1.3305483,6.0277624,25.013157,67.62853
Argentina,ARG,2009,1.1499438,6.6937885,27.777458,64.37881
Argentina,ARG,2010,1.7722712,5.7247553,26.813185,65.68979
Argentina,ARG,2011,1.6633862,4.9176025,30.642584,62.77643
Argentina,ARG,2012,2.0290945,4.715138,27.23204,66.02373
Argentina,ARG,2013,2.1153598,4.462963,29.369131,64.05254
Argentina,ARG,2014,1.9682646,4.166727,29.607939,64.25707
Argentina,ARG,2015,1.898494,,26.241575,66.93502
Armenia,ARM,1990,0,0,15.006756,84.99325
Armenia,ARM,1991,0,0,16.246323,83.75368
Armenia,ARM,1992,0,0,33.807198,66.1928
Armenia,ARM,1993,0,0,68.19698,31.803019
Armenia,ARM,1994,0,0,62.10675,37.89325
Armenia,ARM,1995,0,5.466643,34.508183,60.025177
Armenia,ARM,1996,0,37.39942,25.297714,37.302864
Armenia,ARM,1997,0,26.654503,23.055233,50.290264
Armenia,ARM,1998,0,25.66629,24.82636,49.50735
Armenia,ARM,1999,0,36.347736,20.99003,42.662235
Armenia,ARM,2000,0,33.652233,21.16482,45.18295
Armenia,ARM,2001,0,34.586597,16.849434,48.56397
Armenia,ARM,2002,0,41.348072,30.041674,28.610256
Armenia,ARM,2003,0,36.320667,36.02981,27.649519
Armenia,ARM,2004,0,36.500828,33.134327,30.364843
Armenia,ARM,2005,0,42.995094,28.06712,28.937786
Armenia,ARM,2006,0,44.436962,30.718735,24.844303
Armenia,ARM,2007,0.0508647,43.28586,31.417429,25.245846
Armenia,ARM,2008,0.034662046,42.651646,31.143848,26.169844
Armenia,ARM,2009,0.0705343,43.978134,35.60219,20.349144
Armenia,ARM,2010,0.107841626,38.360806,39.3776,22.153751
Armenia,ARM,2011,0.04037685,34.293404,33.49933,32.16689
Armenia,ARM,2012,0.049776006,28.75809,28.894972,42.29716
Armenia,ARM,2013,0.051880676,30.609598,28.184175,41.154346
Armenia,ARM,2014,0.051612902,31.806452,25.703226,42.43871
Armenia,ARM,2015,0.051288627,,28.285677,35.91486
Australia,AUS,1960,1.4126533,0,18.639565,79.947784
Australia,AUS,1961,1.3140775,0,20.040768,78.64516
Australia,AUS,1962,1.2016783,0,20.02933,78.76899
Australia,AUS,1963,1.0991018,0,24.096254,74.80464
Australia,AUS,1964,0.94984555,0,22.480774,76.56938
Australia,AUS,1965,0.88461196,0,24.784077,74.331314
Australia,AUS,1966,0.7894152,0,19.635313,79.57527
Australia,AUS,1967,0.74506074,0,19.582253,79.67268
Australia,AUS,1968,0.675255,0,18.215124,81.10962
Australia,AUS,1969,0.6161335,0,18.35683,81.02704
Australia,AUS,1970,0.52854335,0,17.998825,81.47263
Australia,AUS,1971,0.49580544,0,21.832407,77.67179
Australia,AUS,1972,0.50375116,0,20.821114,78.67513
Australia,AUS,1973,0.52475506,0,17.715918,81.75932
Australia,AUS,1974,0.61635274,0,18.9647,80.418945
Australia,AUS,1975,0.6645918,0,19.956781,79.378624
Australia,AUS,1976,0.6335742,0,19.720652,79.645775
Australia,AUS,1977,0.52008194,0,15.938269,83.54165
Australia,AUS,1978,0.47206098,0,16.180618,83.34732
Australia,AUS,1979,0.46114978,0,16.955528,82.58332
Australia,AUS,1980,0.40426737,0,13.5896845,86.00605
Australia,AUS,1981,0.39527237,0,13.771916,85.83281
Australia,AUS,1982,0.49419135,0,13.021367,86.48444
Australia,AUS,1983,0.408465,0,11.497673,88.093864
Australia,AUS,1984,0.3955015,0,10.839073,88.76543
Australia,AUS,1985,0.38107973,0,11.417349,88.20157
Australia,AUS,1986,0.36690223,0,11.566992,88.06611
Australia,AUS,1987,0.35735196,0,10.338116,89.304535
Australia,AUS,1988,0.528584,0,10.338843,89.132576
Australia,AUS,1989,0.5507132,0,9.827851,89.62144
Australia,AUS,1990,0.48610705,0,9.169924,90.34397
Australia,AUS,1991,0.4912608,0,10.10694,89.4018
Australia,AUS,1992,0.42104998,0,9.645815,89.933136
Australia,AUS,1993,0.4171874,0,10.131956,89.45086
Australia,AUS,1994,0.41096136,0,9.783512,89.80553
Australia,AUS,1995,0.43170047,0,9.192442,90.375854
Australia,AUS,1996,0.538147,0,8.691581,90.77027
Australia,AUS,1997,0.5449099,0,9.042766,90.41232
Australia,AUS,1998,0.5461006,0,7.8879495,91.56595
Australia,AUS,1999,0.5868573,0,7.957196,91.45595
Australia,AUS,2000,0.58609384,0,7.7955246,91.61838
Australia,AUS,2001,0.71299577,0,7.385459,91.90154
Australia,AUS,2002,0.8782732,0,6.9826455,92.139084
Australia,AUS,2003,1.0630774,0,7.3776217,91.5593
Australia,AUS,2004,1.1274555,0,7.0591946,91.81335
Australia,AUS,2005,2.0994363,0,6.7042704,91.1963
Australia,AUS,2006,2.4560966,0,6.843211,90.70069
Australia,AUS,2007,2.7467394,0,5.901333,91.35193
Australia,AUS,2008,3.2159064,0,4.899351,91.88474
Australia,AUS,2009,2.7408855,0,4.7570486,92.50207
Australia,AUS,2010,3.2677488,0,5.344131,91.38812
Australia,AUS,2011,3.8273857,0,6.5992665,89.57335
Australia,AUS,2012,5.007009,0,5.5856442,89.40735
Australia,AUS,2013,5.9846725,0,7.2794356,86.73589
Australia,AUS,2014,7.500886,0,7.405826,85.093285
Australia,AUS,2015,8.341658,0,5.2961836,86.36216
Austria,AUT,1960,0,0,73.55913,26.440876
Austria,AUT,1961,0,0,69.29358,30.70642
Austria,AUT,1962,0,0,67.09917,32.900833
Austria,AUT,1963,0,0,63.6715,36.3285
Austria,AUT,1964,0,0,63.89224,36.10776
Austria,AUT,1965,0,0,71.81951,28.180487
Austria,AUT,1966,0,0,72.43167,27.568325
Austria,AUT,1967,0,0,72.06565,27.934351
Austria,AUT,1968,0,0,70.31737,29.682634
Austria,AUT,1969,0,0,62.873558,37.126442
Austria,AUT,1970,0.6094258,0,70.21939,29.17118
Austria,AUT,1971,0.82618254,0,57.503014,41.670803
Austria,AUT,1972,0.72947276,0,57.994816,41.275715
Austria,AUT,1973,0.6533834,0,60.64821,38.69841
Austria,AUT,1974,0.6376291,0,66.4182,32.94417
Austria,AUT,1975,0.62405175,0,67.19434,32.181606
Austria,AUT,1976,0.72917265,0,57.469715,41.801113
Austria,AUT,1977,0.7313545,0,65.67456,33.594086
Austria,AUT,1978,0.80155003,0,65.026405,34.172043
Austria,AUT,1979,0.82344455,0,68.659355,30.517202
Austria,AUT,1980,0.77884614,0,69.05048,30.170673
Austria,AUT,1981,1.183544,0,73.01756,25.77522
Austria,AUT,1982,1.1246597,0,73.152596,25.684858
Austria,AUT,1983,1.3318403,0,72.920044,25.652817
Austria,AUT,1984,1.93217,0,69.291695,28.718527
Austria,AUT,1985,2.1352475,0,70.730644,27.065521
Austria,AUT,1986,2.9060645,0,70.75744,26.250086
Austria,AUT,1987,1.8153276,0,72.51449,25.583641
Austria,AUT,1988,2.1745,0,74.36499,23.35251
Austria,AUT,1989,2.2459567,0,71.7872,25.891567
Austria,AUT,1990,2.284161,0,63.917965,33.68833
Austria,AUT,1991,2.4033,0,62.659172,34.839878
Austria,AUT,1992,2.6151905,0,69.781136,27.469513
Austria,AUT,1993,2.6143155,0,71.45277,25.814175
Austria,AUT,1994,2.279749,0,68.52296,29.08407
Austria,AUT,1995,3.3292253,0,67.17714,29.363152
Austria,AUT,1996,2.9379923,0,63.866802,32.75656
Austria,AUT,1997,3.0780282,0,64.83793,31.81108
Austria,AUT,1998,3.341084,0,66.46932,30.019674
Austria,AUT,1999,2.7521863,0,67.926765,29.043995
Austria,AUT,2000,2.6706083,0,69.8734,27.210476
Austria,AUT,2001,2.9099185,0,66.24691,30.453436
Austria,AUT,2002,2.747669,0,66.26528,30.590057
Austria,AUT,2003,3.611202,0,57.171627,38.79202
Austria,AUT,2004,4.858914,0,59.34332,35.323174
Austria,AUT,2005,6.1035557,0,57.52322,35.908012
Austria,AUT,2006,8.269917,0,57.24561,33.81177
Austria,AUT,2007,9.894486,0,58.79254,30.610075
Austria,AUT,2008,9.831239,0,59.39965,30.02681
Austria,AUT,2009,9.471319,0,61.668377,27.917849
Austria,AUT,2010,9.740336,0,56.470985,32.868668
Austria,AUT,2011,10.642022,0,54.989403,33.380974
Austria,AUT,2012,10.775724,0,63.753456,24.30214
Austria,AUT,2013,12.892331,0,65.132454,20.835012
Austria,AUT,2014,14.49948,0,66.55739,17.721046
Austria,AUT,2015,16.493694,0,59.997086,22.222042
Azerbaijan,AZE,1990,0,0,7.1613684,92.83863
Azerbaijan,AZE,1991,0,0,7.496802,92.5032
Azerbaijan,AZE,1992,0,0,8.839751,91.16025
Azerbaijan,AZE,1993,0,0,12.73424,87.26576
Azerbaijan,AZE,1994,0,0,10.409197,89.590805
Azerbaijan,AZE,1995,0,0,9.1293125,90.87069
Azerbaijan,AZE,1996,0,0,9.000995,90.99901
Azerbaijan,AZE,1997,0,0,10.168686,89.831314
Azerbaijan,AZE,1998,0,0,10.840094,89.159904
Azerbaijan,AZE,1999,0,0,8.285651,91.71435
Azerbaijan,AZE,2000,0,0,8.203648,91.79636
Azerbaijan,AZE,2001,0,0,6.858197,93.1418
Azerbaijan,AZE,2002,0,0,10.801561,89.19844
Azerbaijan,AZE,2003,0,0,11.599174,88.400826
Azerbaijan,AZE,2004,0,0,12.670162,87.32984
Azerbaijan,AZE,2005,0,0,13.155824,86.84418
Azerbaijan,AZE,2006,0,0,10.259544,89.740456
Azerbaijan,AZE,2007,0,0,10.820707,89.17929
Azerbaijan,AZE,2008,0,0,10.312803,89.687195
Azerbaijan,AZE,2009,0.010599958,0,12.232351,87.75705
Azerbaijan,AZE,2010,0.0053447355,0,18.41796,81.5767
Azerbaijan,AZE,2011,0,0,13.186163,86.813835
Azerbaijan,AZE,2012,0,0,7.921524,92.078476
Azerbaijan,AZE,2013,0.2954526,0,6.3757815,93.04188
Azerbaijan,AZE,2014,0.37204787,0,5.2571983,94.01893
Azerbaijan,AZE,2015,0.40910563,,6.6307516,92.591545
Bahrain,BHR,1971,0,0,0,100
Bahrain,BHR,1972,0,0,0,100
Bahrain,BHR,1973,0,0,0,100
Bahrain,BHR,1974,0,0,0,100
Bahrain,BHR,1975,0,0,0,100
Bahrain,BHR,1976,0,0,0,100
Bahrain,BHR,1977,0,0,0,100
Bahrain,BHR,1978,0,0,0,100
Bahrain,BHR,1979,0,0,0,100
Bahrain,BHR,1980,0,0,0,100
Bahrain,BHR,1981,0,0,0,100
Bahrain,BHR,1982,0,0,0,100
Bahrain,BHR,1983,0,0,0,100
Bahrain,BHR,1984,0,0,0,100
Bahrain,BHR,1985,0,0,0,100
Bahrain,BHR,1986,0,0,0,100
Bahrain,BHR,1987,0,0,0,100
Bahrain,BHR,1988,0,0,0,100
Bahrain,BHR,1989,0,0,0,100
Bahrain,BHR,1990,0,0,0,100
Bahrain,BHR,1991,0,0,0,100
Bahrain,BHR,1992,0,0,0,100
Bahrain,BHR,1993,0,0,0,100
Bahrain,BHR,1994,0,0,0,100
Bahrain,BHR,1995,0,0,0,100
Bahrain,BHR,1996,0,0,0,100
Bahrain,BHR,1997,0,0,0,100
Bahrain,BHR,1998,0,0,0,100
Bahrain,BHR,1999,0,0,0,100
Bahrain,BHR,2000,0,0,0,100
Bahrain,BHR,2001,0,0,0,100
Bahrain,BHR,2002,0,0,0,100
Bahrain,BHR,2003,0,0,0,100
Bahrain,BHR,2004,0,0,0,100
Bahrain,BHR,2005,0,0,0,100
Bahrain,BHR,2006,0,0,0,100
Bahrain,BHR,2007,0,0,0,100
Bahrain,BHR,2008,0,0,0,100
Bahrain,BHR,2009,0,0,0,100
Bahrain,BHR,2010,0,0,0,100
Bahrain,BHR,2011,0,0,0,100
Bahrain,BHR,2012,0,0,0,100
Bahrain,BHR,2013,0,0,0,100
Bahrain,BHR,2014,0,0,0,100
Bahrain,BHR,2015,0,,0,100
Bangladesh,BGD,1971,0,0,16.990292,83.00971
Bangladesh,BGD,1972,0,0,16.990292,83.00971
Bangladesh,BGD,1973,0,0,23.575499,76.4245
Bangladesh,BGD,1974,0,0,15.68754,84.31246
Bangladesh,BGD,1975,0,0,26.797787,73.20221
Bangladesh,BGD,1976,0,0,27.92538,72.074615
Bangladesh,BGD,1977,0,0,22.595657,77.40434
Bangladesh,BGD,1978,0,0,22.803064,77.19694
Bangladesh,BGD,1979,0,0,24.43797,75.562035
Bangladesh,BGD,1980,0,0,24.77688,75.22312
Bangladesh,BGD,1981,0,0,23.478588,76.521416
Bangladesh,BGD,1982,0,0,17.226614,82.773384
Bangladesh,BGD,1983,0,0,19.283426,80.716576
Bangladesh,BGD,1984,0,0,22.617247,77.38275
Bangladesh,BGD,1985,0,0,16.320671,83.67933
Bangladesh,BGD,1986,0,0,9.375,90.625
Bangladesh,BGD,1987,0,0,9.253625,90.746376
Bangladesh,BGD,1988,0,0,10.319523,89.68047
Bangladesh,BGD,1989,0,0,12.9304285,87.06957
Bangladesh,BGD,1990,0,0,11.433005,88.56699
Bangladesh,BGD,1991,0,0,10.133011,89.86699
Bangladesh,BGD,1992,0,0,8.949854,91.05015
Bangladesh,BGD,1993,0,0,6.604388,93.395615
Bangladesh,BGD,1994,0,0,8.656991,91.34301
Bangladesh,BGD,1995,0,0,3.4425318,96.557465
Bangladesh,BGD,1996,0,0,6.4406486,93.55935
Bangladesh,BGD,1997,0,0,6.063417,93.936584
Bangladesh,BGD,1998,0,0,6.714796,93.2852
Bangladesh,BGD,1999,0,0,5.7647057,94.23529
Bangladesh,BGD,2000,0,0,4.749223,95.25078
Bangladesh,BGD,2001,0,0,5.709522,94.29048
Bangladesh,BGD,2002,0,0,4.0128584,95.987144
Bangladesh,BGD,2003,0,0,3.799716,96.20029
Bangladesh,BGD,2004,0,0,3.0344772,96.96552
Bangladesh,BGD,2005,0,0,2.8320792,97.16792
Bangladesh,BGD,2006,0,0,2.5363178,97.463684
Bangladesh,BGD,2007,0,0,2.4157393,97.58426
Bangladesh,BGD,2008,0,0,2.7763166,97.22369
Bangladesh,BGD,2009,0,0,1.1216612,98.87834
Bangladesh,BGD,2010,0,0,1.7872027,98.2128
Bangladesh,BGD,2011,0,0,1.9749508,98.02505
Bangladesh,BGD,2012,0,0,1.6000165,98.39999
Bangladesh,BGD,2013,0.26355422,0,1.682982,98.05347
Bangladesh,BGD,2014,0.2668099,0,1.0529143,98.680275
Bangladesh,BGD,2015,0.2677467,,0.9591432,98.77311
Belarus,BLR,1990,0,0,0.050599605,99.9494
Belarus,BLR,1991,0,0,0.046469603,99.95353
Belarus,BLR,1992,0,0,0.04521878,99.95478
Belarus,BLR,1993,0,0,0.056939077,99.94306
Belarus,BLR,1994,0,0,0.060515337,99.93948
Belarus,BLR,1995,0,0,0.080263264,99.91974
Belarus,BLR,1996,0,0,0.06743088,99.93257
Belarus,BLR,1997,0,0,0.08059255,99.91941
Belarus,BLR,1998,0,0,0.11918951,99.88081
Belarus,BLR,1999,0,0,0.07165485,99.928345
Belarus,BLR,2000,0,0,0.103444315,99.89655
Belarus,BLR,2001,0,0,0.11969836,99.8803
Belarus,BLR,2002,0,0,0.10961597,99.87527
Belarus,BLR,2003,0,0,0.10515642,99.87982
Belarus,BLR,2004,0.0032041012,0,0.10573534,99.87824
Belarus,BLR,2005,0.0032298698,0,0.11627531,99.86758
Belarus,BLR,2006,0.0094307,0,0.11002483,99.86797
Belarus,BLR,2007,0.047126833,0,0.10996261,99.81778
Belarus,BLR,2008,0.097009815,0,0.11127596,99.76318
Belarus,BLR,2009,0.20081644,0,0.1448512,99.5852
Belarus,BLR,2010,0.24358791,0,0.1289583,99.52142
Belarus,BLR,2011,0.29813665,0,0.13043478,99.48137
Belarus,BLR,2012,0.32793272,0,0.22728011,99.27595
Belarus,BLR,2013,0.40625894,0,0.4379979,98.98118
Belarus,BLR,2014,0.37426227,0,0.3483518,99.096016
Belarus,BLR,2015,0.5017311,,0.31394872,98.929054
Belgium,BEL,1960,0,0,1.1351637,98.86484
Belgium,BEL,1961,0,0,1.1791129,98.820885
Belgium,BEL,1962,0,0.022798518,0.9290396,99.048164
Belgium,BEL,1963,0,0.24984053,0.76546884,98.98469
Belgium,BEL,1964,0,0.2481631,0.5595835,99.19225
Belgium,BEL,1965,0,0,1.2690711,98.73093
Belgium,BEL,1966,0,0.026492406,1.3202049,98.653305
Belgium,BEL,1967,0,0.39677516,1.0046009,98.598625
Belgium,BEL,1968,0,0.23053665,0.9221466,98.84731
Belgium,BEL,1969,0,0.07543288,0.7886165,99.13595
Belgium,BEL,1970,0,0.18674442,0.8059496,99.00731
Belgium,BEL,1971,0,0,0.40316516,99.59683
Belgium,BEL,1972,0,0.029681597,0.48569888,99.48462
Belgium,BEL,1973,0.28560877,0.18712299,0.4210267,99.10624
Belgium,BEL,1974,0.2552347,0.34976605,0.56718814,98.82781
Belgium,BEL,1975,0.20334166,16.62012,0.44833162,82.72821
Belgium,BEL,1976,0.12096004,21.297455,0.23130955,78.35027
Belgium,BEL,1977,0.5270008,25.473127,0.47792783,73.52194
Belgium,BEL,1978,0.5142507,24.749302,0.44106886,74.29538
Belgium,BEL,1979,0.6068779,21.976688,0.45082363,76.96561
Belgium,BEL,1980,0.5650675,23.636774,0.52362925,75.27453
Belgium,BEL,1981,0.58140695,25.691793,0.76122355,72.965576
Belgium,BEL,1982,0.0920405,31.341791,0.66629314,67.46769
Belgium,BEL,1983,0.042414546,46.474773,0.6477858,52.455223
Belgium,BEL,1984,0.044701062,51.672565,0.65375304,47.245296
Belgium,BEL,1985,0.09420715,61.503048,0.5101406,37.428677
Belgium,BEL,1986,0.20652193,68.36744,0.5952691,30.209473
Belgium,BEL,1987,0.23745728,67.33358,0.6883052,31.114925
Belgium,BEL,1988,0.29128772,66.78236,0.55623555,31.728668
Belgium,BEL,1989,0.29606593,61.631054,0.45606112,36.943943
Belgium,BEL,1990,0.41114208,60.777897,0.37842146,37.805157
Belgium,BEL,1991,0.43126458,60.209873,0.32169247,38.323547
Belgium,BEL,1992,0.38650048,60.85422,0.47752416,37.438736
Belgium,BEL,1993,0.36107782,59.837585,0.362505,38.54113
Belgium,BEL,1994,0.3560365,56.943413,0.4849946,41.32126
Belgium,BEL,1995,0.44888186,56.25442,0.45976385,41.856194
Belgium,BEL,1996,0.42854482,57.67521,0.3180814,40.599964
Belgium,BEL,1997,0.36346823,60.887993,0.39172372,37.555386
Belgium,BEL,1998,0.45080718,56.247334,0.47395673,42.042034
Belgium,BEL,1999,0.61056066,58.79735,0.40903965,39.33738
Belgium,BEL,2000,0.70554405,58.1796,0.5557368,39.63128
Belgium,BEL,2001,0.8064311,58.954693,0.56094027,38.42377
Belgium,BEL,2002,0.9612177,58.513203,0.4447794,38.918198
Belgium,BEL,2003,1.1309104,56.699898,0.29559243,40.956905
Belgium,BEL,2004,1.3988832,56.088104,0.37580168,41.05841
Belgium,BEL,2005,2.1211307,55.530926,0.3360207,40.931522
Belgium,BEL,2006,3.074169,55.30066,0.42561767,39.852753
Belgium,BEL,2007,3.5382962,55.098938,0.44442922,39.44795
Belgium,BEL,2008,4.7952332,54.518265,0.49053037,38.62867
Belgium,BEL,2009,5.6911564,52.582233,0.36523172,39.80469
Belgium,BEL,2010,6.5883007,51.09503,0.3325056,40.264088
Belgium,BEL,2011,9.190689,54.18698,0.22019008,35.02258
Belgium,BEL,2012,12.375491,49.368423,0.43738744,35.95153
Belgium,BEL,2013,13.746897,51.901077,0.46248966,31.936129
Belgium,BEL,2014,16.67226,47.135746,0.40838018,33.477386
Belgium,BEL,2015,20.342785,37.532352,0.45723817,39.21464
Benin,BEN,1973,0,0,0,100
Benin,BEN,1974,0,0,0,100
Benin,BEN,1975,0,0,0,100
Benin,BEN,1976,0,0,0,100
Benin,BEN,1977,0,0,0,100
Benin,BEN,1978,0,0,0,100
Benin,BEN,1979,0,0,0,100
Benin,BEN,1980,0,0,0,100
Benin,BEN,1981,0,0,0,100
Benin,BEN,1982,0,0,0,100
Benin,BEN,1983,0,0,0,100
Benin,BEN,1984,0,0,0,100
Benin,BEN,1985,0,0,0,100
Benin,BEN,1986,0,0,0,100
Benin,BEN,1987,0,0,0,100
Benin,BEN,1988,0,0,0,100
Benin,BEN,1989,0,0,0,100
Benin,BEN,1990,0,0,0,100
Benin,BEN,1991,0,0,0,100
Benin,BEN,1992,0,0,0,100
Benin,BEN,1993,0,0,0,100
Benin,BEN,1994,0,0,0,100
Benin,BEN,1995,0,0,0,100
Benin,BEN,1996,0,0,0,100
Benin,BEN,1997,0,0,3.3898306,96.61017
Benin,BEN,1998,0,0,2.5316455,97.46835
Benin,BEN,1999,0,0,2.7777777,97.22222
Benin,BEN,2000,0,0,2.3809524,97.61905
Benin,BEN,2001,0,0,3.030303,96.969696
Benin,BEN,2002,0,0,3.1746032,96.82539
Benin,BEN,2003,0,0,2.5,97.5
Benin,BEN,2004,0,0,1.2345679,98.765434
Benin,BEN,2005,0,0,0.93457943,99.06542
Benin,BEN,2006,2.5974026,0,0,97.402596
Benin,BEN,2007,1.3636364,0,0,98.63636
Benin,BEN,2008,1.3100437,0,0,98.68996
Benin,BEN,2009,0.78125,0,0,99.21875
Benin,BEN,2010,0.8695652,0,0,99.13043
Benin,BEN,2011,0,0,0,100
Benin,BEN,2012,0,0,0,100
Benin,BEN,2013,0,0,0,100
Benin,BEN,2014,0,0,0,100
Benin,BEN,2015,1.4619883,,4.0935674,94.44444
Bolivia,BOL,1971,0.7692308,0,86.34615,12.884615
Bolivia,BOL,1972,1.0591351,0,83.759926,15.180936
Bolivia,BOL,1973,1.0247651,0,83.00598,15.969257
Bolivia,BOL,1974,0.94265515,0,81.22545,17.831894
Bolivia,BOL,1975,1.1135857,0,79.73274,19.153675
Bolivia,BOL,1976,1.3231198,0,78.412254,20.264624
Bolivia,BOL,1977,1.1949686,0,74.77988,24.025158
Bolivia,BOL,1978,0.9877978,0,73.15514,25.85706
Bolivia,BOL,1979,1.2074643,0,70.58178,28.210758
Bolivia,BOL,1980,1.9765288,0,65.657814,32.365658
Bolivia,BOL,1981,1.7758046,0,64.15094,34.073254
Bolivia,BOL,1982,1.882353,0,67.35294,30.764706
Bolivia,BOL,1983,1.6505407,0,65.05407,33.29539
Bolivia,BOL,1984,1.4412417,0,64.523285,34.035477
Bolivia,BOL,1985,1.2387388,0,64.3018,34.45946
Bolivia,BOL,1986,1.3057672,0,60.60936,38.084873
Bolivia,BOL,1987,1.686616,0,57.72579,40.587597
Bolivia,BOL,1988,1.8489984,0,59.73292,38.41808
Bolivia,BOL,1989,1.5744275,0,55.677483,42.748093
Bolivia,BOL,1990,1.3846819,0,51.060146,47.555172
Bolivia,BOL,1991,1.6256591,0,57.24956,41.12478
Bolivia,BOL,1992,1.6998341,0,52.446102,45.85406
Bolivia,BOL,1993,1.6220294,0,56.657864,41.720104
Bolivia,BOL,1994,1.5580736,0,46.600567,51.84136
Bolivia,BOL,1995,1.4905598,0,41.835045,56.674397
Bolivia,BOL,1996,1.4515133,0,44.008648,54.53984
Bolivia,BOL,1997,1.3824885,0,45.074886,53.542625
Bolivia,BOL,1998,1.347709,0,41.9407,56.71159
Bolivia,BOL,1999,1.3398609,0,46.019066,52.64107
Bolivia,BOL,2000,1.3917526,0,50.128864,48.47938
Bolivia,BOL,2001,1.3567839,0,53.492462,45.150753
Bolivia,BOL,2002,1.2906309,0,52.652966,46.056404
Bolivia,BOL,2003,1.2465374,0,45.867958,52.8855
Bolivia,BOL,2004,1.1938978,0,47.512714,51.29339
Bolivia,BOL,2005,1.1437908,0,40.11438,58.74183
Bolivia,BOL,2006,1.1320754,0,40.735847,58.132076
Bolivia,BOL,2007,1.2556679,0,40.44297,58.30136
Bolivia,BOL,2008,1.6675262,0,39.711193,58.62128
Bolivia,BOL,2009,1.9768012,0,37.510212,60.51299
Bolivia,BOL,2010,1.7559392,0,32.197136,66.04692
Bolivia,BOL,2011,1.6897507,0,32.506924,65.80332
Bolivia,BOL,2012,1.6055346,0,30.700953,67.69351
Bolivia,BOL,2013,0.7439554,0,31.432114,67.82393
Bolivia,BOL,2014,2.295831,0,25.711021,71.99315
Bolivia,BOL,2015,2.521107,,28.881332,68.597565
Bosnia and Herzegovina,BIH,1990,0,0,20.899399,79.1006
Bosnia and Herzegovina,BIH,1991,0,0,37.272396,62.727604
Bosnia and Herzegovina,BIH,1992,0,0,52.229885,47.770115
Bosnia and Herzegovina,BIH,1993,0,0,71.14517,28.854824
Bosnia and Herzegovina,BIH,1994,0,0,81.503296,18.4967
Bosnia and Herzegovina,BIH,1995,0,0,82.77664,17.223358
Bosnia and Herzegovina,BIH,1996,0,0,70.24523,29.754768
Bosnia and Herzegovina,BIH,1997,0,0,53.108955,46.891045
Bosnia and Herzegovina,BIH,1998,0,0,50.20381,49.79619
Bosnia and Herzegovina,BIH,1999,0,0,54.48099,45.51901
Bosnia and Herzegovina,BIH,2000,0,0,48.844566,51.155434
Bosnia and Herzegovina,BIH,2001,0,0,48.702763,51.297237
Bosnia and Herzegovina,BIH,2002,0,0,48.84562,51.15438
Bosnia and Herzegovina,BIH,2003,0,0,39.95207,60.04793
Bosnia and Herzegovina,BIH,2004,0,0,46.975174,53.024826
Bosnia and Herzegovina,BIH,2005,0,0,47.59562,52.40438
Bosnia and Herzegovina,BIH,2006,0,0,44.007812,55.992188
Bosnia and Herzegovina,BIH,2007,0,0,33.952816,66.04718
Bosnia and Herzegovina,BIH,2008,0,0,32.83411,67.16589
Bosnia and Herzegovina,BIH,2009,0,0,39.820015,60.179985
Bosnia and Herzegovina,BIH,2010,0,0,46.86989,53.13011
Bosnia and Herzegovina,BIH,2011,0,0,28.710733,71.28927
Bosnia and Herzegovina,BIH,2012,0,0,29.931828,70.06817
Bosnia and Herzegovina,BIH,2013,0,0,41.464672,58.535328
Bosnia and Herzegovina,BIH,2014,0,0,36.726486,63.273514
Bosnia and Herzegovina,BIH,2015,0,,35.517307,64.48269
Botswana,BWA,1981,0,0,0,100
Botswana,BWA,1982,0,0,0,100
Botswana,BWA,1983,0,0,0,100
Botswana,BWA,1984,0,0,0,100
Botswana,BWA,1985,0,0,0,100
Botswana,BWA,1986,0,0,0,100
Botswana,BWA,1987,0,0,0,100
Botswana,BWA,1988,0,0,0,100
Botswana,BWA,1989,0,0,0,100
Botswana,BWA,1990,0,0,0,100
Botswana,BWA,1991,0,0,0,100
Botswana,BWA,1992,0,0,0,100
Botswana,BWA,1993,0,0,0,100
Botswana,BWA,1994,0,0,0,100
Botswana,BWA,1995,0,0,0,100
Botswana,BWA,1996,0,0,0,100
Botswana,BWA,1997,0,0,0,100
Botswana,BWA,1998,0,0,0,100
Botswana,BWA,1999,0,0,0,100
Botswana,BWA,2000,0,0,0,100
Botswana,BWA,2001,0,0,0,100
Botswana,BWA,2002,0,0,0,100
Botswana,BWA,2003,0,0,0,100
Botswana,BWA,2004,0,0,0,100
Botswana,BWA,2005,0,0,0,100
Botswana,BWA,2006,0,0,0,100
Botswana,BWA,2007,0,0,0,100
Botswana,BWA,2008,0,0,0,100
Botswana,BWA,2009,0,0,0,100
Botswana,BWA,2010,0,0,0,100
Botswana,BWA,2011,0,0,0,100
Botswana,BWA,2012,0,0,0,100
Botswana,BWA,2013,0.108342364,0,0,99.891655
Botswana,BWA,2014,0.043233894,0,0,99.956764
Botswana,BWA,2015,0.03370408,,0,99.96629
Brazil,BRA,1971,1.1981853,0,83.7547,15.047113
Brazil,BRA,1972,1.2439638,0,88.67136,10.084681
Brazil,BRA,1973,1.1587306,0,89.43855,9.402713
Brazil,BRA,1974,1.0948548,0,91.60379,7.3013573
Brazil,BRA,1975,1.0971053,0,91.57788,7.325014
Brazil,BRA,1976,0.95964813,0,92.09179,6.948563
Brazil,BRA,1977,1.1058092,0,92.54346,6.3507304
Brazil,BRA,1978,1.1815948,0,91.14425,7.6741567
Brazil,BRA,1979,1.4001293,0,91.958916,6.6409516
Brazil,BRA,1980,1.2950208,0,92.48601,6.21897
Brazil,BRA,1981,1.3172793,0,91.96692,6.7158036
Brazil,BRA,1982,1.4320562,0,92.79566,5.7722783
Brazil,BRA,1983,1.836991,0,93.21883,4.9441824
Brazil,BRA,1984,1.5898322,0.9158816,92.86638,4.627906
Brazil,BRA,1985,1.5830072,1.7456449,92.09684,4.5745087
Brazil,BRA,1986,1.5796921,0.07124198,90.249245,8.099818
Brazil,BRA,1987,1.7532988,0.47853008,91.27974,6.4884353
Brazil,BRA,1988,1.5534062,0.28286043,92.62423,5.539505
Brazil,BRA,1989,1.5361836,0.82609934,92.40124,5.2364764
Brazil,BRA,1990,1.7318834,1.0039449,92.76864,4.495537
Brazil,BRA,1991,1.7062254,0.6152481,92.919525,4.7589993
Brazil,BRA,1992,2.0266244,0.72766536,92.392815,4.852895
Brazil,BRA,1993,1.9660603,0.17541353,93.28864,4.5698795
Brazil,BRA,1994,2.071981,0.02115051,93.33336,4.5735097
Brazil,BRA,1995,2.0297458,0.9140025,92.12775,4.9285016
Brazil,BRA,1996,2.318747,0.8332246,91.242386,5.6056414
Brazil,BRA,1997,2.397218,1.0289563,90.58062,5.9932075
Brazil,BRA,1998,2.3341248,1.0147693,90.58922,6.061887
Brazil,BRA,1999,2.5000298,1.1881715,87.536896,8.665555
Brazil,BRA,2000,2.2487175,1.732825,87.24399,8.667851
Brazil,BRA,2001,2.7442255,4.3466215,81.54322,11.2332115
Brazil,BRA,2002,2.973926,4.00265,82.764244,10.13941
Brazil,BRA,2003,3.2812848,3.6663656,83.88232,9.045971
Brazil,BRA,2004,3.2357473,2.9967506,82.796364,10.833314
Brazil,BRA,2005,3.3952556,2.4452093,83.72937,10.230428
Brazil,BRA,2006,3.5675364,3.2799394,83.180115,9.808817
Brazil,BRA,2007,4.19412,2.7743645,84.02056,8.744752
Brazil,BRA,2008,4.460262,3.0166261,79.80616,12.613294
Brazil,BRA,2009,5.114552,2.7797503,83.881226,8.099399
Brazil,BRA,2010,6.5288076,2.8159266,78.19543,12.385578
Brazil,BRA,2011,6.5704823,2.944766,80.550514,9.829678
Brazil,BRA,2012,7.2901287,2.902154,75.15816,14.598352
Brazil,BRA,2013,8.225762,2.7053244,68.46345,20.546108
Brazil,BRA,2014,9.85709,2.6035678,63.224983,24.253239
Brazil,BRA,2015,12.118415,,61.848495,23.43291
Brunei,BRN,1971,0,0,0,100
Brunei,BRN,1972,0,0,0,100
Brunei,BRN,1973,0,0,0,100
Brunei,BRN,1974,0,0,0,100
Brunei,BRN,1975,0,0,0,100
Brunei,BRN,1976,0,0,0,100
Brunei,BRN,1977,0,0,0,100
Brunei,BRN,1978,0,0,0,100
Brunei,BRN,1979,0,0,0,100
Brunei,BRN,1980,0,0,0,100
Brunei,BRN,1981,0,0,0,100
Brunei,BRN,1982,0,0,0,100
Brunei,BRN,1983,0,0,0,100
Brunei,BRN,1984,0,0,0,100
Brunei,BRN,1985,0,0,0,100
Brunei,BRN,1986,0,0,0,100
Brunei,BRN,1987,0,0,0,100
Brunei,BRN,1988,0,0,0,100
Brunei,BRN,1989,0,0,0,100
Brunei,BRN,1990,0,0,0,100
Brunei,BRN,1991,0,0,0,100
Brunei,BRN,1992,0,0,0,100
Brunei,BRN,1993,0,0,0,100
Brunei,BRN,1994,0,0,0,100
Brunei,BRN,1995,0,0,0,100
Brunei,BRN,1996,0,0,0,100
Brunei,BRN,1997,0,0,0,100
Brunei,BRN,1998,0,0,0,100
Brunei,BRN,1999,0,0,0,100
Brunei,BRN,2000,0,0,0,100
Brunei,BRN,2001,0,0,0,100
Brunei,BRN,2002,0,0,0,100
Brunei,BRN,2003,0,0,0,100
Brunei,BRN,2004,0,0,0,100
Brunei,BRN,2005,0,0,0,100
Brunei,BRN,2006,0,0,0,100
Brunei,BRN,2007,0,0,0,100
Brunei,BRN,2008,0,0,0,100
Brunei,BRN,2009,0,0,0,100
Brunei,BRN,2010,0,0,0,100
Brunei,BRN,2011,0.053691275,0,0,99.94631
Brunei,BRN,2012,0.050890584,0,0,99.94911
Brunei,BRN,2013,0.045433894,0,0,99.95457
Brunei,BRN,2014,0.044385266,0,0,99.95561
Brunei,BRN,2015,0.04761905,,0,99.95238
Bulgaria,BGR,1971,0,0,10.325466,89.67453
Bulgaria,BGR,1972,0,0,9.406852,90.59315
Bulgaria,BGR,1973,0,0,11.705229,88.29477
Bulgaria,BGR,1974,0,4.0691047,9.120407,86.810486
Bulgaria,BGR,1975,0,10.120062,9.719855,80.16008
Bulgaria,BGR,1976,0,17.980322,10.646196,71.37348
Bulgaria,BGR,1977,0,19.80478,11.878156,68.31706
Bulgaria,BGR,1978,0,18.76667,9.237267,71.99606
Bulgaria,BGR,1979,0,19.092932,10.2292385,70.67783
Bulgaria,BGR,1980,0,17.697718,10.65882,71.64346
Bulgaria,BGR,1981,0,24.664612,9.785784,65.54961
Bulgaria,BGR,1982,0,26.56022,7.5384955,65.90128
Bulgaria,BGR,1983,0,28.882948,7.8573437,63.25971
Bulgaria,BGR,1984,0,28.50779,7.297636,64.19457
Bulgaria,BGR,1985,0,31.540642,5.3708687,63.08849
Bulgaria,BGR,1986,0,28.861788,5.561932,65.57628
Bulgaria,BGR,1987,0,28.606262,5.8381066,65.55563
Bulgaria,BGR,1988,0,35.605606,5.766198,58.628197
Bulgaria,BGR,1989,0,32.859592,6.0706553,61.06975
Bulgaria,BGR,1990,0,34.79984,4.4564676,60.743694
Bulgaria,BGR,1991,0,32.264694,5.9737654,61.76154
Bulgaria,BGR,1992,0,32.440327,5.7933164,61.766357
Bulgaria,BGR,1993,0,36.773956,5.11093,58.115116
Bulgaria,BGR,1994,0,40.21451,3.849684,55.935802
Bulgaria,BGR,1995,0,41.30513,5.5373425,53.157528
Bulgaria,BGR,1996,0,42.33074,6.833505,50.83575
Bulgaria,BGR,1997,0,41.648483,6.4616036,51.88991
Bulgaria,BGR,1998,0,40.73717,7.4657087,51.7923
Bulgaria,BGR,1999,0,41.594994,7.241116,51.087616
Bulgaria,BGR,2000,0,44.72273,6.576293,48.664074
Bulgaria,BGR,2001,0,44.914318,3.9899848,51.095695
Bulgaria,BGR,2002,0,47.95466,5.202874,46.816383
Bulgaria,BGR,2003,0,40.82404,7.1560197,52.005764
Bulgaria,BGR,2004,0.002413943,40.59045,7.6473713,51.713898
Bulgaria,BGR,2005,0.011370872,42.420177,9.863094,47.6667
Bulgaria,BGR,2006,0.04395411,42.839874,9.313876,47.78691
Bulgaria,BGR,2007,0.1094627,34.103455,6.6935277,59.079582
Bulgaria,BGR,2008,0.30952808,35.360218,6.3341107,57.996143
Bulgaria,BGR,2009,0.5851679,35.99726,8.187632,55.194546
Bulgaria,BGR,2010,1.5885434,33.137753,10.989417,54.253864
Bulgaria,BGR,2011,2.035064,32.613,5.8313174,59.47464
Bulgaria,BGR,2012,4.5106163,33.88866,6.925868,54.64265
Bulgaria,BGR,2013,6.605679,32.903015,9.473171,50.980984
Bulgaria,BGR,2014,5.9304876,33.81209,9.813114,50.414474
Bulgaria,BGR,2015,6.374379,,11.614214,50.404167
Cambodia,KHM,1995,0,0,0,100
Cambodia,KHM,1996,0,0,0,100
Cambodia,KHM,1997,0,0,0,100
Cambodia,KHM,1998,0,0,0,100
Cambodia,KHM,1999,0,0,0,100
Cambodia,KHM,2000,0.22321428,0,0,99.77679
Cambodia,KHM,2001,0.19646366,0,0,99.803535
Cambodia,KHM,2002,0.13736264,0,3.9835165,95.87912
Cambodia,KHM,2003,1.0484928,0,5.3735256,93.57798
Cambodia,KHM,2004,1.7177914,0,3.4355829,94.84663
Cambodia,KHM,2005,1.5560166,0,4.5643153,93.87967
Cambodia,KHM,2006,1.4418999,0,4.3257,94.2324
Cambodia,KHM,2007,1.2064344,0,3.3512065,95.44236
Cambodia,KHM,2008,1.2820513,0,3.1039135,95.61404
Cambodia,KHM,2009,1.6587678,0,3.7124803,94.62875
Cambodia,KHM,2010,2.3,0,3.2,94.5
Cambodia,KHM,2011,2.1698112,0,4.90566,92.92453
Cambodia,KHM,2012,1.6039052,0,36.052998,62.343098
Cambodia,KHM,2013,0.78740156,0,57.142857,42.06974
Cambodia,KHM,2014,0.65316784,0,60.483345,38.863487
Cambodia,KHM,2015,0.93245393,,45.485558,53.58199
Cameroon,CMR,1971,0,0,97.30232,2.6976745
Cameroon,CMR,1972,0,0,96.233185,3.7668161
Cameroon,CMR,1973,0,0,95.527725,4.472272
Cameroon,CMR,1974,0,0,95.42903,4.5709705
Cameroon,CMR,1975,0,0,95.22059,4.779412
Cameroon,CMR,1976,0,0,94.72096,5.2790346
Cameroon,CMR,1977,0,0,94.23077,5.769231
Cameroon,CMR,1978,0,0,94.166046,5.8339567
Cameroon,CMR,1979,0,0,94.30425,5.6957464
Cameroon,CMR,1980,0,0,93.943565,6.056435
Cameroon,CMR,1981,0,0,94.81404,5.1859612
Cameroon,CMR,1982,0,0,94.87896,5.1210427
Cameroon,CMR,1983,0,0,96.534195,3.465804
Cameroon,CMR,1984,0,0,98.2852,1.7148014
Cameroon,CMR,1985,0,0,97.82876,2.1712413
Cameroon,CMR,1986,0,0,98.10331,1.8966908
Cameroon,CMR,1987,0,0,97.72727,2.2727273
Cameroon,CMR,1988,0,0,98.055664,1.9443386
Cameroon,CMR,1989,0,0,98.41152,1.5884743
Cameroon,CMR,1990,0,0,98.47979,1.5202076
Cameroon,CMR,1991,0,0,98.56088,1.4391143
Cameroon,CMR,1992,0,0,98.72123,1.2787724
Cameroon,CMR,1993,0,0,98.94068,1.059322
Cameroon,CMR,1994,0,0,98.82353,1.1764706
Cameroon,CMR,1995,0,0,98.85099,1.1490126
Cameroon,CMR,1996,0,0,98.862465,1.1375388
Cameroon,CMR,1997,0,0,98.849106,1.1508951
Cameroon,CMR,1998,0,0,98.35859,1.6414142
Cameroon,CMR,1999,0,0,98.75592,1.2440758
Cameroon,CMR,2000,0,0,98.90804,1.091954
Cameroon,CMR,2001,0,0,98.10788,1.8921208
Cameroon,CMR,2002,0,0,96.42424,3.5757575
Cameroon,CMR,2003,0,0,95.76547,4.2345276
Cameroon,CMR,2004,0,0,95.37713,4.622871
Cameroon,CMR,2005,0,0,94.205795,5.7942057
Cameroon,CMR,2006,12.593028,0,76.22405,11.182922
Cameroon,CMR,2007,1.4495518,0,73.37402,25.176426
Cameroon,CMR,2008,1.3553952,0,74.49393,24.150679
Cameroon,CMR,2009,1.2277365,0,69.44492,29.32734
Cameroon,CMR,2010,1.0001695,0,72.21563,26.7842
Cameroon,CMR,2011,1.0302314,0,74.2611,24.708664
Cameroon,CMR,2012,1.3544973,0,74.01058,24.63492
Cameroon,CMR,2013,1.2341198,0,74.10163,24.664248
Cameroon,CMR,2014,1.1703511,0,74.15475,24.674902
Cameroon,CMR,2015,1.124593,,74.9926,23.882805
Canada,CAN,1960,0,0,92.08906,7.910939
Canada,CAN,1961,0,0,90.91027,9.089726
Canada,CAN,1962,0,0,87.96846,12.031544
Canada,CAN,1963,0,0.0747126,84.178604,15.746684
Canada,CAN,1964,0,0.10981818,83.15782,16.732363
Canada,CAN,1965,0,0.08695475,80.22119,19.691854
Canada,CAN,1966,0,0.1066455,81.22419,18.669163
Canada,CAN,1967,0,0.0904774,79.1967,20.71282
Canada,CAN,1968,0,0.5085788,75.45581,24.035612
Canada,CAN,1969,0,0.27069348,77.08265,22.646656
Canada,CAN,1970,0,0.4949597,75.47873,24.026308
Canada,CAN,1971,0,1.923519,73.235725,24.84076
Canada,CAN,1972,0,2.9297884,73.79889,23.271318
Canada,CAN,1973,0,5.6479354,72.07245,22.279612
Canada,CAN,1974,0,5.1835,74.30541,20.511084
Canada,CAN,1975,0,4.536596,73.07276,22.390646
Canada,CAN,1976,0.2370733,5.839984,71.319496,22.603447
Canada,CAN,1977,0.33196077,8.180085,68.36311,23.124842
Canada,CAN,1978,0.33011866,9.09926,68.605774,21.964848
Canada,CAN,1979,0.37453705,9.821781,67.97945,21.824232
Canada,CAN,1980,0.34826592,10.188653,67.28176,22.181324
Canada,CAN,1981,0.4860933,10.261486,68.12862,21.123802
Canada,CAN,1982,0.55221516,9.897276,66.55367,22.996832
Canada,CAN,1983,0.51124245,11.919182,65.21149,22.35809
Canada,CAN,1984,0.53477037,11.947095,65.47287,22.045261
Canada,CAN,1985,0.3654327,13.188046,66.166855,20.278791
Canada,CAN,1986,0.39809766,15.212454,66.307274,18.081318
Canada,CAN,1987,0.46589607,15.56903,63.71935,20.244917
Canada,CAN,1988,0.49126402,16.382122,60.777363,22.34846
Canada,CAN,1989,0.6961379,15.991351,58.331833,24.97988
Canada,CAN,1990,0.8202622,15.1370945,61.558456,22.475681
Canada,CAN,1991,0.7835409,16.703346,60.626873,21.878178
Canada,CAN,1992,0.86991787,15.488229,60.809296,22.823524
Canada,CAN,1993,0.9169036,17.653448,60.805424,20.614075
Canada,CAN,1994,1.0428796,19.406017,59.35757,20.066479
Canada,CAN,1995,1.0183837,17.471987,59.985714,21.033562
Canada,CAN,1996,1.0308433,16.19171,62.07523,20.167944
Canada,CAN,1997,1.2111228,14.387727,61.13982,22.593271
Canada,CAN,1998,1.313988,12.732329,59.092068,26.205156
Canada,CAN,1999,1.4607605,12.693952,59.722946,25.47254
Canada,CAN,2000,1.400934,12.02105,59.199368,26.77379
Canada,CAN,2001,1.5168368,13.004002,56.51582,28.954185
Canada,CAN,2002,1.5732969,12.563419,58.31312,27.54118
Canada,CAN,2003,1.6770645,12.703421,57.2385,28.371855
